014942
014958
014961
015017
015018
015175
015176
015206
015218
015443
015444
015445
015447
015448
015449
015450
015451
015452
015453
015460
015461
015462
015463
015464
015465
015467
015468
015469
015470
015471
015472
015473
015474
015475
015476
015477
015478
015480
015481
015482
015483
015484
015485
015487
015488
015489
015490
015491
015492
015493
015496
015501
015503
015555
015561
015575
015576
015577
015578
015579
015580
015581
015582
015583
015584
015585
015586
015587
015590
015591
015592
015593
015594
015595
015596
015597
015598
015599
015600
015601
015602
015603
015604
015605
015606
015621
015621
015622
015623
015624
015625
015626
015627
015629
015630
015631
015634
015635
015636
015637
015638
015639
015641
015643
015646
015647
015650
015651
015652
015653
015657
015658
015659
015661
015664
015665
015666
015669
015670
015671
015672
015673
015675
015676
015677
015678
015679
015682
015683
015685
015686
015687
015688
015689
015690
015691
015696
015699
015701
015702
015703
015704
015705
015706
015707
015712
015714
015718
015722
015724
015734
015739
015743
015744
015744
015758
015759
015761
015766
015771
015772
015773
015774
015776
015777
015784
015784
015785
015786
015788
015790
015792
015793
015794
015795
015797
015798
015799
015800
015801
015802
015803
015804
015805
015807
015811
015812
015813
015814
015816
015818
015819
015821
015825
015830
015831
015832
015840
015843
015844
015847
015850
015862
015864
015868
015869
015870
015871
015872
015873
015875
015876
015877
015878
015884
015885
015886
015887
015889
015892
015893
015899
015900
015911
015915
015917
015918
015919
015921
015922
016015
016019
016020
016022
016023
016033
016037
016038
016045
016047
016048
016050
016051
016053
016060
016063
016071
016073
016462
016463
016464
016466
016468
016469
016470
016471
016472
016473
016474
016478
016479
016480
016481
016482
016484
016485
016487
016489
016490
016491
016492
016493
016494
016495
016496
016497
016506
016508
016511
016514
016516
016517
016518
016519
016521
016522
016525
016526
016527
016528
016529
016531
016532
016533
016534
016535
016538
016539
016540
016541
016542
016543
016544
016545
016546
016547
016548
016549
016619
016620
016621
016623
016624
016627
016629
016630
016634
016640
016649
016650
016651
016652
016653
016654
016658
016659
016661
016663
016664
016665
016666
016667
016668
016669
016670
016671
016672
016673
016676
016677
016678
016679
016680
016681
016683
016684
016685
016686
016687
016688
016689
016695
016696
016703
016704
016705
016706
016707
016709
016711
016712
016713
016714
016715
016716
016717
016726
016729
016730
016731
016732
016733
016739
016740
016741
016742
016743
016744
016745
016746
016747
016748
016752
016753
016754
016756
016812
016843
016844
016874
016905
016906
016907
016908
016909
016910
016912
016913
016914
016915
016916
016917
016918
016920
016921
016922
016923
016924
016925
016926
016928
016929
016930
016931
016932
016933
016934
016935
016936
016937
016938
016940
016941
016942
016943
016944
016945
016946
016947
016948
016949
016952
016953
016954
016955
016956
016957
016958
016959
016961
016962
016963
016964
016966
016967
016968
016969
016970
016971
016972
016973
016974
016975
016976
016977
016978
016979
016980
016981
016982
016983
016984
016985
016986
016987
016988
016989
016990
016991
016992
016993
016994
016995
016996
016997
016998
016999
017000
017001
017002
017061
017597
017652
017689
017689
017776
017777
017778
017779
017780
017781
017782
017785
017787
017788
017789
017790
017791
017792
017793
017794
017795
017796
017797
017798
017799
017800
017801
017802
017803
017804
017805
017806
017807
017808
017809
017810
017811
017812
017813
017816
017817
017820
017821
017822
017823
017824
017826
017827
017828
017829
017830
017835
017836
017837
017839
017840
017841
017842
017843
017844
017845
017847
017848
017849
017850
018330
018342
018355
018355
018497
018498
018499
018500
018501
018502
018503
018504
018505
018506
018507
018508
018509
018510
018511
018518
018519
018520
018521
018522
018523
018525
018526
018527
018529
018531
018563
018565
018566
018567
018568
018569
018570
018571
018572
018573
018574
018575
018576
018577
018578
018579
018580
018581
018582
018583
018584
018585
018586
018587
018588
018589
018590
018591
018592
018593
018594
018595
018596
018597
018598
018599
018600
018601
018602
018603
018604
018606
018607
018608
018609
018610
018611
018612
018613
018614
018615
018616
018617
018618
018625
018626
018627
018628
018629
018630
018631
018632
018633
018634
018635
018636
018637
018638
018639
018640
018641
018643
018644
018645
018647
018648
018649
018650
018651
018654
018655
018656
018657
018658
018659
018660
018661
018662
018663
018664
018665
018666
018667
018668
018669
018670
018671
018672
018673
018674
018678
018679
018680
018682
018683
018684
018685
018686
018687
018688
018689
018690
018691
018692
018693
018694
018695
018696
018697
018698
018699
018700
018701
018702
018703
018704
018705
018707
018708
018709
018710
018711
018712
018713
018714
018715
018716
018717
018718
018719
018720
018721
018722
018723
018724
018725
018726
018727
018728
018729
018730
018731
018732
018733
018734
018735
018736
018737
018738
018741
018742
018743
018744
018745
018746
018747
018748
018749
018750
018751
018752
018753
018754
018755
018756
018757
018758
018760
018761
018762
018763
018764
018765
018766
018767
018768
018769
018770
018771
018772
019777
019778
019779
025863
028330
017631
017631
017632
017632
017633
017633
017634
017635
017636
017637
017638
017638
017639
017640
017641
017642
017643
017644
017645
017646
017646
017647
017647
017648
017648
017649
017649
017650
017650
017651
017653
017654
017655
017656
017657
017658
017659
017660
017661
017662
017663
017664
017665
017666
017667
017668
017669
017670
017671
017672
017673
017674
017677
017677
017679
017679
017680
017680
017681
017681
017682
017682
017684
017684
017685
017685
017686
017686
017687
017687
017688
017688
