029911
010555
010556
010559
010336
010456
010472
010494
015486
016674
016675
016927
018110
018363
018367
019791
019792
019793
019796
019797
019798
019799
019800
019801
019802
019804
019805
019806
019807
019808
019810
019811
019812
019813
019814
019815
019816
019817
019819
019820
019821
019822
019823
019824
019825
019826
019827
019828
019863
019864
019865
019866
019867
019868
019869
019870
019871
019872
019873
019874
019875
019876
019877
019878
019879
019880
019881
019882
019883
019884
019885
019886
019887
019888
019889
019890
019891
019133
019134
019137
019151
019157
019158
010560
010467
010557
014915
014918
014929
014944
014945
014947
014948
014950
014951
014951
014955
014955
014956
014957
014958
014958
014958
014959
014961
014961
014961
014961
014961
014962
014969
014971
014972
014974
014980
014981
014985
014989
014994
014995
014999
015002
015004
015010
015011
015011
015015
015020
015027
015031
015031
015031
015080
015081
015090
015092
015096
015097
015099
015110
015114
015120
015127
015130
015146
015153
015164
015173
015175
015186
015189
015200
015203
015204
015210
015213
015215
015217
015219
015222
015224
015225
015229
015230
015231
015257
015278
015315
015330
015333
015349
015357
015360
015362
015394
015400
015436
016166
016167
016168
016169
016170
016179
016182
016187
016188
016231
016234
016235
016236
016237
016240
016494
016495
016496
016497
016905
016906
016907
016908
016909
016910
016912
016913
016914
016915
016916
016917
016918
016920
016921
016922
016923
016981
017858
018709
018710
018711
018712
018713
018714
018715
018716
018717
018718
018719
018720
018721
018722
018723
018724
018725
018726
018727
018728
018729
018730
018731
018732
018733
018734
018735
018736
018737
018738
018741
018742
018743
018744
018745
018746
018747
018748
018749
018750
018751
018752
018753
018754
018755
018756
018757
018758
018760
018761
018762
018763
018764
018765
018766
018767
018768
018769
018770
018771
018772
018773
018774
018775
018776
018777
018778
018779
018780
018781
018782
018783
019395
019402
019893
019941
019942
019894
019895
019896
019897
019898
019900
019902
019903
019904
019905
019906
019910
019911
019914
019915
019916
019917
019918
019919
019920
019921
019922
019924
019925
019926
019927
019928
019929
019930
029940
019940
019943
019944
029943
029944
039944
049944
059944
069944
079944
010709
011567
011570
011571
011572
011573
011581
011582
011582
011598
011602
011603
011608
011608
011614
014342
014355
014358
014361
014362
014362
014365
014768
014769
014771
014781
014782
014783
014784
014785
014786
014787
014789
014790
014791
014792
014794
014804
014805
014848
014852
014853
014854
014856
014863
014865
014879
014892
014893
014896
014897
014898
014899
014900
014901
014902
014903
014904
014907
014909
014910
014912
014914
014917
014920
014928
014930
014931
014932
014933
014934
014935
014936
014937
014938
014939
014940
014941
014942
014942
014943
014946
014949
014951
014952
014953
014954
014955
014955
014956
014956
014956
014957
014958
014958
014960
014960
014961
014963
014973
014975
014976
014982
014984
014987
014987
014990
014992
014997
015000
015001
015003
015005
015006
015007
015010
015012
015016
015017
015018
015019
015029
015031
015031
015031
015035
015036
015038
015039
015055
015058
015060
015065
015066
015067
015068
015069
015070
015071
015072
015073
015074
015075
015076
015077
015078
015079
015082
015083
015084
015085
015086
015087
015088
015089
015091
015093
015094
015095
015098
015102
015103
015104
015105
015106
015107
015108
015109
015111
015112
015113
015115
015116
015117
015118
015119
015121
015126
015128
015129
015130
015131
015132
015133
015136
015137
015138
015139
015140
015141
015142
015144
015145
015148
015149
015150
015151
015155
015156
015157
015158
015159
015162
015163
015166
015167
015169
015170
015171
015172
015176
015177
015179
015180
015181
015182
015183
015184
015185
015187
015188
015190
015191
015192
015193
015194
015195
015196
015197
015198
015199
015201
015202
015205
015206
015206
015207
015208
015211
015212
015214
015216
015218
015220
015221
015223
015226
015227
015228
015232
015233
015234
015235
015236
015237
015238
015239
015241
015246
015258
015259
015262
015263
015265
015266
015267
015272
015273
015274
015275
015276
015277
015278
015279
015280
015281
015282
015283
015284
015285
015286
015288
015289
015291
015292
015293
015299
015302
015303
015306
015310
015313
015314
015316
015320
015322
015325
015329
015331
015332
015337
015339
015340
015341
015342
015343
015350
015354
015358
015359
015361
015363
015364
015365
015366
015367
015368
015369
015370
015371
015373
015374
015375
015377
015378
015379
015380
015381
015382
015383
015390
015391
015392
015393
015394
015396
015397
015398
015399
015400
015402
015403
015404
015405
015406
015407
015413
015414
015415
015416
015417
015418
015419
015420
015421
015437
015438
015439
015442
015443
015444
015445
015447
015448
015449
015450
015451
015452
015453
015460
015461
015462
015463
015464
015465
015467
015468
015469
015470
015471
015472
015473
015474
015475
015476
015477
015478
015480
015481
015482
015483
015484
015485
015487
015488
015489
015490
015491
015492
015493
015496
015501
015503
015555
015561
015575
015576
015577
015578
015579
015580
015581
015582
015583
015584
015585
015586
015587
015590
015591
015592
015593
015594
015595
015596
015597
015598
015599
015600
015601
015602
015603
015604
015605
015606
015621
015622
015623
015624
015625
015626
015627
015629
015630
015631
015634
015635
015636
015637
015638
015639
015641
015643
015646
015647
015650
015651
015652
015653
015657
015658
015659
015661
015664
015665
015666
015669
015670
015671
015672
015673
015675
015676
015677
015678
015679
015682
015683
015685
015686
015687
015688
015689
015690
015691
015696
015699
015701
015702
015703
015704
015705
015706
015707
015712
015714
015718
015722
015724
015734
015739
015743
015744
015758
015759
015761
015766
015771
015772
015773
015774
015776
015777
015784
015785
015786
015788
015790
015792
015793
015794
015795
015796
015797
015798
015799
015800
015801
015802
015803
015804
015805
015807
015811
015812
015813
015814
015816
015818
015819
015821
015825
015830
015831
015832
015840
015843
015844
015847
015850
015862
015863
015864
015865
015868
015869
015870
015871
015872
015873
015875
015876
015877
015878
015884
015885
015886
015887
015889
015892
015893
015899
015900
015901
015904
015908
015910
015911
015915
015917
015918
015919
015921
015922
015927
015933
015934
015935
015936
015937
015938
015939
015940
015941
015942
015943
015944
015945
015946
015947
015948
015949
015950
015952
015954
015956
015957
015960
015961
015962
015964
015965
015966
015967
015968
015969
015970
015971
015972
015973
015974
015975
015976
015977
015978
015979
015980
015981
015982
015983
015984
015985
015986
015987
015988
015989
015990
015991
015992
015993
015994
015996
015997
015998
015999
016000
016001
016002
016011
016012
016013
016014
016015
016019
016020
016021
016022
016023
016024
016033
016037
016038
016045
016047
016048
016050
016051
016052
016053
016055
016057
016059
016060
016063
016064
016065
016067
016071
016072
016073
016076
016077
016078
016079
016080
016081
016082
016083
016084
016085
016086
016087
016091
016093
016094
016095
016097
016098
016102
016103
016104
016105
016106
016107
016108
016110
016113
016114
016115
016121
016122
016123
016124
016125
016127
016135
016136
016137
016138
016139
016140
016141
016142
016143
016144
016145
016146
016147
016157
016159
016162
016163
016165
016171
016173
016174
016176
016177
016178
016190
016191
016192
016193
016194
016195
016196
016197
016203
016204
016205
016206
016207
016208
016209
016210
016211
016212
016213
016214
016215
016216
016217
016218
016222
016222
016223
016224
016225
016226
016227
016228
016229
016230
016233
016239
016241
016242
016244
016245
016247
016251
016252
016253
016254
016255
016256
016257
016262
016272
016274
016275
016276
016279
016280
016281
016282
016283
016284
016285
016286
016287
016288
016289
016290
016291
016292
016293
016294
016295
016296
016299
016300
016301
016302
016303
016305
016306
016307
016308
016309
016310
016311
016312
016313
016314
016315
016316
016317
016319
016320
016321
016323
016324
016325
016326
016327
016328
016329
016330
016331
016332
016334
016335
016336
016337
016338
016339
016340
016341
016342
016344
016347
016348
016349
016350
016357
016358
016359
016360
016361
016362
016363
016365
016366
016367
016368
016369
016370
016371
016373
016375
016376
016377
016378
016379
016380
016381
016382
016383
016384
016385
016386
016387
016401
016402
016406
016409
016410
016411
016412
016413
016414
016415
016416
016417
016418
016419
016420
016421
016422
016423
016424
016425
016426
016427
016428
016429
016430
016431
016432
016434
016435
016436
016437
016438
016439
016440
016441
016442
016443
016444
016445
016446
016447
016448
016449
016450
016451
016452
016453
016454
016455
016456
016457
016458
016459
016460
016462
016463
016464
016466
016468
016469
016470
016471
016472
016473
016474
016478
016479
016480
016481
016482
016484
016485
016487
016489
016490
016491
016492
016493
016506
016507
016508
016511
016514
016516
016517
016518
016519
016521
016522
016525
016526
016527
016529
016531
016532
016533
016534
016535
016538
016539
016540
016541
016542
016543
016544
016545
016546
016547
016548
016549
016559
016561
016562
016563
016564
016565
016566
016567
016568
016569
016570
016571
016572
016574
016575
016576
016580
016581
016590
016591
016597
016598
016599
016600
016601
016609
016610
016614
016619
016620
016621
016623
016656
016661
016664
016667
016676
016679
016682
016683
016684
016685
016686
016687
016688
016689
016695
016696
016703
016704
016705
016706
016712
016713
016714
016715
016716
016717
016726
016727
016728
016729
016730
016731
016732
016733
016739
016740
016744
016756
016822
016824
016825
016842
016843
016844
016853
016854
016859
016860
016861
016862
016870
016871
016872
016873
016874
016875
016876
016877
016878
016879
016880
016881
016882
016883
016885
016886
016887
016888
016889
016890
016893
016894
016895
016896
016897
016898
016899
016900
016901
016902
016903
016904
016924
016925
016926
016928
016929
016930
016931
016932
016933
016934
016935
016936
016937
016938
016940
016941
016942
016943
016944
016945
016946
016947
016948
016949
016952
016953
016954
016955
016956
016957
016958
016959
016961
016962
016963
016964
016966
016967
016968
016969
016970
016971
016972
016973
016974
016975
016976
016977
016978
016979
016980
016982
016983
016984
016985
016986
016987
016988
016989
016990
016991
016992
016993
016994
016995
016996
016997
016998
016999
017000
017001
017002
017003
017004
017005
017007
017008
017009
017010
017011
017012
017013
017014
017015
017017
017018
017019
017020
017021
017022
017023
017026
017026
017026
017026
017027
017027
017027
017028
017029
017049
017050
017059
017060
017061
017061
017063
017064
017065
017066
017067
017068
017069
017071
017073
017074
017075
017076
017077
017079
017080
017081
017082
017083
017084
017085
017086
017087
017088
017089
017090
017091
017092
017093
017094
017095
017096
017097
017098
017099
017100
017101
017102
017103
017104
017105
017106
017109
017110
017111
017117
017118
017121
017122
017124
017125
017126
017127
017128
017129
017130
017131
017132
017133
017134
017135
017137
017138
017139
017140
017141
017142
017143
017144
017145
017146
017147
017148
017149
017150
017151
017152
017153
017154
017156
017158
017159
017169
017170
017171
017172
017173
017174
017175
017186
017187
017188
017189
017190
017191
017192
017193
017194
017195
017196
017197
017202
017203
017204
017205
017206
017207
017208
017213
017214
017215
017216
017222
017223
017224
017225
017226
017228
017229
017230
017231
017233
017236
017237
017238
017239
017240
017241
017242
017243
017244
017245
017246
017247
017248
017249
017250
017251
017255
017257
017258
017259
017260
017261
017262
017263
017264
017265
017268
017269
017270
017273
017275
017276
017277
017278
017279
017280
017281
017284
017285
017286
017287
017289
017290
017291
017292
017293
017294
017295
017296
017297
017298
017299
017300
017301
017302
017303
017304
017305
017306
017307
017308
017309
017310
017311
017312
017313
017314
017315
017316
017317
017318
017319
017320
017321
017331
017338
017339
017340
017341
017342
017346
017347
017348
017349
017350
017351
017352
017353
017354
017355
017360
017362
017364
017367
017368
017370
017374
017376
017377
017378
017379
017381
017382
017383
017384
017385
017388
017391
017393
017394
017395
017396
017397
017398
017399
017400
017401
017402
017403
017404
017405
017406
017407
017408
017409
017410
017411
017412
017413
017414
017415
017416
017417
017418
017419
017420
017421
017422
017423
017424
017425
017426
017427
017431
017434
017435
017436
017438
017455
017459
017460
017463
017470
017471
017472
017473
017474
017475
017479
017482
017483
017485
017504
017505
017506
017507
017508
017509
017510
017511
017514
017519
017520
017521
017522
017523
017524
017525
017527
017529
017530
017532
017533
017534
017535
017536
017537
017538
017539
017540
017542
017543
017544
017545
017546
017547
017548
017549
017550
017551
017552
017553
017554
017555
017556
017557
017558
017559
017560
017561
017562
017563
017564
017565
017566
017567
017568
017569
017570
017571
017572
017573
017574
017575
017576
017577
017578
017579
017580
017581
017582
017583
017584
017585
017586
017587
017588
017590
017591
017592
017593
017594
017595
017596
017597
017598
017599
017600
017601
017602
017603
017604
017605
017606
017610
017611
017612
017613
017614
017615
017616
017617
017618
017619
017620
017626
017627
017628
017629
017630
017631
017632
017633
017634
017635
017636
017637
017638
017638
017639
017640
017641
017642
017643
017644
017645
017646
017647
017648
017649
017650
017651
017652
017653
017654
017655
017656
017657
017658
017659
017660
017661
017662
017663
017664
017665
017666
017667
017668
017669
017670
017671
017672
017673
017674
017677
017678
017679
017680
017681
017682
017684
017685
017686
017687
017688
017689
017690
017691
017692
017693
017694
017695
017696
017697
017698
017699
017700
017701
017702
017703
017704
017705
017706
017707
017708
017709
017710
017711
017712
017713
017714
017715
017716
017717
017718
017719
017720
017721
017722
017723
017724
017725
017726
017727
017728
017729
017735
017736
017737
017738
017739
017740
017741
017742
017743
017744
017745
017746
017749
017750
017751
017752
017755
017756
017757
017758
017759
017760
017761
017762
017763
017764
017765
017766
017770
017771
017772
017773
017774
017775
017776
017777
017778
017779
017780
017781
017782
017783
017785
017787
017788
017789
017790
017791
017792
017793
017794
017795
017796
017797
017798
017799
017800
017801
017802
017803
017804
017805
017806
017807
017808
017809
017810
017811
017812
017813
017814
017815
017816
017817
017820
017821
017822
017823
017824
017826
017827
017828
017829
017830
017835
017836
017837
017839
017840
017841
017842
017843
017844
017845
017846
017847
017848
017849
017850
017851
017852
017853
017854
017855
017856
017857
017859
017860
017861
017862
017863
017864
017865
017866
017867
017868
017869
017870
017871
017872
017873
017874
017875
017876
017877
017878
017879
017880
017881
017882
017883
017884
017885
017886
017887
017888
017889
017890
017891
017892
017893
017894
017895
017896
017897
017898
017899
017900
017901
017902
017903
017904
017905
017906
017907
017908
017909
017910
017911
017912
017913
017914
017917
017918
017920
017921
017922
017927
017928
017929
017930
017931
017932
017934
017936
017940
017941
017942
017943
017944
017945
017946
017947
017948
017949
017950
017951
017952
017953
017954
017955
017956
017957
017958
017959
017965
017967
017968
017969
017970
017971
017972
017973
017974
017975
017976
017977
017978
017979
017980
017981
017982
017983
017984
017985
017986
017987
017988
017989
017990
017992
017995
017996
017997
017998
017999
018000
018001
018002
018003
018004
018005
018006
018008
018009
018010
018015
018017
018018
018019
018020
018021
018022
018023
018024
018025
018026
018027
018028
018029
018030
018031
018032
018033
018034
018038
018039
018040
018041
018042
018043
018044
018045
018046
018047
018048
018049
018050
018051
018052
018053
018054
018055
018056
018057
018058
018059
018060
018061
018062
018063
018064
018065
018066
018067
018068
018069
018070
018071
018072
018073
018074
018075
018076
018077
018078
018079
018080
018081
018082
018083
018084
018085
018086
018087
018088
018089
018090
018091
018092
018093
018094
018095
018096
018097
018098
018099
018100
018101
018102
018103
018104
018105
018106
018107
018108
018109
018111
018112
018113
018114
018115
018118
018119
018120
018121
018122
018123
018124
018125
018126
018127
018128
018129
018130
018131
018132
018133
018134
018135
018136
018137
018138
018139
018140
018141
018142
018143
018144
018145
018146
018147
018148
018149
018150
018152
018153
018154
018155
018156
018157
018158
018159
018160
018161
018162
018163
018164
018165
018166
018167
018168
018169
018170
018171
018172
018173
018174
018175
018176
018177
018178
018179
018180
018181
018182
018183
018184
018185
018186
018187
018188
018189
018190
018191
018192
018194
018195
018196
018197
018198
018199
018200
018201
018202
018203
018204
018205
018207
018208
018209
018210
018212
018213
018214
018215
018216
018217
018218
018219
018220
018221
018222
018223
018225
018226
018227
018228
018230
018231
018232
018233
018234
018235
018236
018237
018238
018239
018240
018241
018242
018243
018244
018245
018246
018247
018248
018249
018250
018251
018252
018253
018254
018255
018256
018257
018258
018259
018260
018261
018262
018263
018264
018265
018266
018271
018272
018273
018274
018275
018276
018277
018278
018279
018280
018281
018282
018283
018284
018285
018286
018287
018288
018289
018291
018292
018293
018294
018295
018296
018297
018298
018299
018300
018301
018302
018303
018304
018305
018306
018307
018308
018309
018310
018311
018312
018313
018315
018316
018317
018318
018319
018320
018321
018322
018323
018324
018325
018326
018327
018329
018330
018330
018331
018332
018333
018334
018336
018337
018338
018339
018340
018341
018342
018342
018343
018344
018345
018346
018347
018348
018349
018350
018351
018352
018353
018354
018355
018355
018355
018356
018357
018358
018359
018361
018362
018364
018365
018366
018368
018369
018370
018371
018372
018373
018374
018375
018378
018379
018380
018381
018382
018383
018384
018385
018386
018387
018388
018389
018390
018393
018397
018398
018399
018400
018401
018402
018403
018404
018405
018406
018408
018409
018410
018411
018412
018413
018414
018415
018418
018421
018422
018423
018424
018425
018426
018427
018428
018429
018431
018432
018433
018436
018437
018438
018439
018440
018441
018442
018443
018444
018445
018446
018447
018448
018449
018450
018451
018452
018453
018454
018455
018456
018457
018458
018459
018460
018461
018462
018463
018465
018466
018467
018468
018471
018472
018473
018474
018475
018478
018479
018480
018481
018482
018483
018484
018485
018486
018487
018488
018489
018490
018491
018492
018493
018494
018495
018496
018497
018498
018499
018500
018501
018502
018503
018504
018505
018506
018507
018508
018509
018510
018511
018518
018519
018520
018521
018522
018523
018525
018526
018527
018529
018529
018529
018529
018529
018529
018529
018529
018530
018531
018533
018533
018533
018534
018535
018536
018537
018538
018539
018541
018542
018543
018544
018545
018554
018555
018560
018561
018562
018563
018565
018566
018567
018568
018569
018570
018571
018572
018573
018574
018575
018576
018577
018578
018579
018580
018581
018582
018583
018584
018585
018586
018587
018588
018589
018590
018591
018592
018593
018594
018595
018596
018597
018598
018599
018600
018601
018602
018603
018604
018606
018607
018608
018609
018610
018611
018612
018613
018614
018615
018616
018617
018618
018625
018626
018627
018628
018629
018630
018631
018632
018633
018634
018635
018636
018637
018638
018639
018640
018641
018642
018643
018644
018645
018647
018648
018649
018650
018651
018654
018655
018656
018657
018658
018659
018660
018661
018662
018663
018664
018665
018666
018667
018668
018669
018670
018671
018672
018673
018674
018675
018676
018677
018678
018679
018680
018681
018682
018683
018684
018685
018686
018687
018688
018689
018690
018691
018692
018693
018694
018695
018696
018697
018698
018699
018700
018701
018702
018703
018704
018705
018706
018707
018708
018784
018785
018786
018787
018788
018789
018790
018791
018792
018793
018794
018795
018796
018797
018798
018799
018800
018801
018802
018803
018804
018805
018806
018807
018808
018809
018813
018814
018815
018816
018817
018818
018819
018820
018821
018822
018823
018824
018825
018828
018830
018832
018833
018834
018835
018836
018837
018838
018839
018840
018841
018842
018843
018844
018845
018846
018847
018848
018849
018850
018851
018852
018853
018854
018855
018856
018857
018858
018859
018861
018862
018865
018866
018867
018869
018870
018872
018873
018888
018891
018892
018912
018913
018914
018915
018916
018917
018918
018919
018920
018921
018922
018923
018924
018925
018926
018927
018928
018929
018930
018931
018940
018941
018942
018943
018944
018945
018946
018947
018948
018949
018950
018951
018952
018954
018955
018956
018957
018958
018959
018960
018962
018963
018964
018966
018977
018978
018979
018980
018981
018983
018984
018985
018986
018987
018988
018989
018990
018991
018992
018993
018994
018995
018996
018997
019001
019002
019003
019004
019005
019006
019012
019013
019014
019018
019020
019022
019027
019028
019036
019040
019041
019042
019043
019044
019045
019046
019047
019048
019049
019050
019051
019052
019053
019054
019055
019056
019057
019058
019059
019060
019061
019062
019064
019066
019067
019068
019069
019070
019072
019073
019077
019078
019079
019080
019081
019082
019083
019084
019085
019086
019087
019088
019089
019090
019091
019092
019093
019094
019095
019096
019097
019098
019099
019100
019101
019102
019103
019104
019105
019106
019107
019108
019109
019110
019111
019112
019113
019114
019115
019116
019117
019118
019119
019120
019121
019122
019123
019124
019125
019126
019127
019128
019129
019130
019131
019132
019135
019136
019138
019139
019140
019141
019142
019143
019144
019145
019146
019147
019148
019149
019150
019152
019153
019154
019155
019156
019159
019160
019161
019162
019163
019164
019165
019166
019167
019168
019169
019170
019171
019172
019173
019174
019175
019176
019177
019178
019179
019180
019181
019182
019184
019185
019186
019187
019188
019189
019190
019191
019192
019193
019194
019222
019225
019226
019228
019230
019232
019233
019234
019235
019236
019237
019238
019239
019240
019241
019242
019243
019244
019245
019246
019247
019248
019249
019250
019251
019252
019253
019254
019255
019276
019277
019278
019279
019280
019281
019282
019283
019285
019286
019287
019289
019291
019294
019295
019296
019297
019298
019299
019301
019303
019304
019305
019306
019307
019308
019309
019310
019311
019312
019313
019314
019315
019316
019317
019318
019319
019320
019321
019322
019323
019324
019325
019326
019327
019330
019331
019332
019333
019334
019335
019336
019338
019339
019340
019341
019342
019343
019344
019345
019346
019347
019348
019349
019350
019351
019352
019353
019354
019355
019356
019357
019358
019359
019360
019361
019362
019363
019364
019365
019366
019367
019368
019369
019370
019371
019372
019373
019374
019375
019376
019377
019378
019379
019380
019382
019383
019384
019385
019386
019387
019388
019389
019390
019391
019392
019393
019394
019396
019397
019398
019399
019400
019401
019403
019404
019405
019406
019407
019408
019409
019410
019411
019412
019413
019414
019415
019416
019417
019418
019419
019420
019421
019422
019423
019424
019425
019426
019427
019428
019429
019430
019431
019432
019433
019434
019435
019436
019437
019438
019439
019440
019441
019442
019443
019444
019445
019446
019447
019448
019449
019450
019451
019452
019453
019454
019455
019456
019457
019458
019459
019460
019461
019462
019463
019464
019465
019466
019467
019468
019469
019470
019471
019472
019473
019474
019475
019476
019477
019478
019479
019480
019481
019482
019483
019484
019485
019486
019487
019488
019489
019490
019491
019492
019493
019494
019495
019496
019497
019498
019499
019500
019501
019502
019503
019504
019505
019506
019507
019508
019509
019510
019511
019512
019513
019514
019515
019516
019517
019518
019519
019520
019521
019522
019523
019524
019525
019526
019527
019528
019529
019530
019531
019532
019533
019534
019535
019536
019537
019538
019539
019540
019541
019542
019543
019544
019545
019546
019548
019549
019550
019551
019552
019553
019554
019555
019556
019557
019558
019559
019560
019561
019562
019563
019564
019565
019566
019567
019568
019569
019570
019571
019572
019573
019574
019575
019576
019577
019578
019579
019580
019581
019582
019583
019584
019585
019586
019587
019588
019589
019590
019591
019592
019593
019594
019595
019596
019597
019598
019599
019600
019601
019602
019603
019604
019605
019606
019607
019608
019609
019610
019611
019612
019613
019614
019615
019616
019617
019618
019619
019620
019621
019622
019623
019624
019625
019626
019627
019628
019629
019630
019631
019632
019633
019634
019635
019636
019637
019638
019639
019640
019641
019642
019643
019644
019645
019646
019647
019648
019649
019650
019651
019652
019653
019654
019655
019657
019658
019659
019660
019661
019662
019663
019664
019665
019666
019667
019668
019669
019670
019671
019672
019673
019674
019675
019676
019677
019678
019679
019680
019681
019682
019683
019684
019685
019686
019687
019688
019689
019690
019691
019692
019693
019694
019695
019696
019697
019698
019699
019700
019701
019702
019703
019704
019705
019706
019707
019708
019709
019711
019712
019713
019714
019715
019716
019717
019719
019720
019721
019722
019723
019725
019726
019727
019728
019729
019730
019731
019732
019733
019734
019735
019736
019737
019738
019739
019741
019742
019743
019744
019745
019747
019748
019749
019750
019751
019753
019754
019755
019756
019757
019758
019759
019760
019761
019762
019763
019764
019765
019766
019767
019768
019769
019770
019772
019773
019774
019776
019777
019778
019779
019780
019781
019782
019783
019784
019785
019786
019787
019788
019789
019790
019892
019899
019901
019929
019932
019933
019934
019935
019936
019937
019938
019940
016219
015864
018331
014970
016322
014860
014861
014862
014864
014867
014868
014869
014872
014873
014874
014875
014880
014885
014888
014894
014895
014913
014916
014919
010635
010637
010640
010642
010643
010644
010645
010646
010647
010648
010649
010650
010651
010654
010655
010656
010657
010659
010660
010661
010662
010663
010664
010665
010666
010667
010668
010669
010671
010672
010673
010676
010677
010678
010680
010681
010682
010683
010684
010685
010686
010689
010692
010693
010695
010696
010697
010698
010699
010700
010706
010707
010710
010711
010713
010716
010717
010718
011548
011549
011556
011557
011558
011559
011560
011561
011562
011563
011564
011565
011566
011568
011569
011575
011576
011577
011578
011579
011583
011584
011585
011586
011588
011590
011591
011592
011593
011594
011595
011596
011597
011599
011600
011601
011604
011605
011606
011607
011609
011610
011615
011617
011618
014343
014349
014353
014356
014357
014359
014360
014363
014365
014366
014367
014371
014373
014375
014376
014377
014378
014379
014753
014756
014757
014763
014765
014770
014776
014777
014779
014780
014798
014799
014800
014801
014802
014806
014807
014808
014809
014810
014811
014812
014814
014818
014819
014820
014827
014829
014837
014838
014839
014840
014841
014842
014843
014844
014851
015287
015290
015338
015344
015372
015495
015500
015502
015504
015506
015508
015509
015510
015511
015512
015513
015516
015517
015518
015519
015520
015521
015522
015543
015548
015550
015551
015559
015560
015562
015564
015565
015567
015507
010392
010408
010410
010414
010425
010445
010440
010456
010472
010390
